1000.0
1000.0
151.85000610351562
151.85000610351562
197.70172589019035
197.70172589019035
509.1347719020719
509.1347719020719
2153.5766938440247
2153.5766938440247
259.3800048828125
259.3800048828125
820.767248427291
820.767248427291
1384.2316629134991
1384.2316629134991
1634.1007744249036
1634.1007744249036
2423.856636742178
2423.856636742178
1000.0
1000.0
2500.0
2500.0
2500.0
2500.0
947.8468516677852
947.8468516677852
637.1117217543557
637.1117217543557
157.89999389648438
157.89999389648438
1000.0
1000.0
1465.9672204522592
1465.9672204522592
1000.0
1000.0
2500.0
2500.0
1000.0
1000.0
1000.0
1000.0
1000.0
1000.0
1426.2771400981005
1426.2771400981005
1104.4317091585192
1104.4317091585192
899.3701852566102
899.3701852566102
1328.863872449896
1328.863872449896
1863.0043678082598
1863.0043678082598
2500.0
2500.0
1400.5158974777705
1400.5158974777705
204.22641061164677
204.22641061164677
1000.0
1000.0
1000.0
1000.0
1442.582214336501
1442.582214336501
1000.0
1000.0
70.0
70.0
2091.287141275328
2091.287141275328
811.2342178453537
811.2342178453537
978.6203809509875
978.6203809509875
1144.7126626145275
1144.7126626145275
2192.9316191924604
2192.9316191924604
1695.1376358292043
1695.1376358292043
1956.4587660131292
1956.4587660131292
1000.0
1000.0
2500.0
2500.0
2500.0
2500.0
621.3587065280423
621.3587065280423
1489.7576467138817
1489.7576467138817
1123.3437310027152
1123.3437310027152
1286.6395245900603
1286.6395245900603
1406.8938415694502
1406.8938415694502
2500.0
2500.0
2278.766415964545
2278.766415964545
549.9000244140625
549.9000244140625
1650.4656772553426
1650.4656772553426
198.3333282470703
198.3333282470703
337.92166432489154
337.92166432489154
320.2158863592848
320.2158863592848
1756.862717994776
1756.862717994776
100.0
100.0
1783.9601164043834
1783.9601164043834
1000.0
1000.0
1000.0
1000.0
1000.0
1000.0
1000.0
1000.0
1000.0
1000.0
1000.0
1000.0
1900.1087089661287
1900.1087089661287
100.0
100.0
100.0
100.0
1000.0
1000.0
1085.563662177639
1085.563662177639
304.3013646738782
304.3013646738782
1000.0
1000.0
1000.0
1000.0
1155.5825461726047
1155.5825461726047
865.3164918083867
865.3164918083867
2500.0
2500.0
140.0
140.0
70.0
70.0
148.0
148.0
148.0
148.0
219.74192969213053
219.74192969213053
1000.0
1000.0
140.0
140.0
790.460810276955
790.460810276955
634.0180290639757
634.0180290639757
269.67299073556035
269.67299073556035
778.6970780507957
778.6970780507957
254.0
254.0
1081.4856426254128
1081.4856426254128
1493.631447211949
1493.631447211949
2500.0
2500.0
1678.091230681497
1678.091230681497
1000.0
1000.0
2500.0
2500.0
1000.0
1000.0
1000.0
1000.0
2500.0
2500.0
2369.218584474147
2369.218584474147
1000.0
1000.0
587.4706559104002
587.4706559104002
1000.0
1000.0
1000.0
1000.0
2500.0
2500.0
2500.0
2500.0
1000.0
1000.0
1000.0
1000.0
1446.2157343554102
1446.2157343554102
1000.0
1000.0
1000.0
1000.0
1000.0
1000.0
100.0
100.0
1026.9739438278195
1026.9739438278195
577.7570651634119
577.7570651634119
1002.1908072556162
1002.1908072556162
361.3397123631372
361.3397123631372
1330.3279784846477
1330.3279784846477
2500.0
2500.0
2500.0
2500.0
1214.2204203518509
1214.2204203518509
1103.4810232360544
1103.4810232360544
2001.8977783443884
2001.8977783443884
2500.0
2500.0
2500.0
2500.0
2500.0
2500.0
2500.0
2500.0
2500.0
2500.0
2500.0
2500.0
1171.370938331496
1171.370938331496
390.4159077042052
390.4159077042052
431.1866414859305
431.1866414859305
413.74302527659967
413.74302527659967
1000.0
1000.0
1000.0
1000.0
1000.0
1000.0
1000.0
1000.0
1000.0
1000.0
1000.0
1000.0
1000.0
1000.0
1000.0
1000.0
1000.0
1000.0